RockSolid_Font_File
Ascii_Conversion_Table
128
0
0
0
0
0
0
0
0
0
0
0
0
0
0
0
0
0
0
0
0
0
0
0
0
0
0
0
0
0
0
0
0
0
0
0
0
0
0
0
0
0
0
0
0
0
0
0
0
0
0
0
0
0
0
0
0
0
0
0
0
0
0
0
0
0
0
0
0
0
0
0
0
0
0
0
0
0
0
0
0
0
0
0
0
0
0
0
0
0
0
0
0
0
0
0
0
0
1
2
3
4
5
6
7
8
9
10
11
12
13
14
15
16
17
18
19
20
21
22
23
24
25
26
0
0
0
0
0
Character_Mapping
27
27
362 0 8
0 0 15
15 0 15
30 0 15
45 0 16
61 0 15
76 0 12
88 0 15
103 0 15
118 0 5
123 0 10
133 0 16
149 0 5
154 0 18
172 0 15
187 0 15
202 0 15
217 0 15
232 0 9
241 0 15
256 0 10
266 0 15
281 0 15
296 0 18
314 0 16
330 0 16
346 0 16
