RockSolid_Font_File
Ascii_Conversion_Table
128
0
0
0
0
0
0
0
0
0
0
0
0
0
0
0
0
0
0
0
0
0
0
0
0
0
0
0
0
0
0
0
0
0
53
58
0
0
0
0
57
61
62
0
0
56
60
55
0
65
66
67
68
69
70
71
72
73
74
63
64
0
0
0
54
0
1
2
3
4
5
6
7
8
9
10
11
12
13
14
15
16
17
18
19
20
21
22
23
24
25
26
0
0
0
0
0
0
27
28
29
30
31
32
33
34
35
36
37
38
39
40
41
42
43
44
45
46
47
48
49
50
51
52
0
59
0
0
0
Character_Mapping
17
75
402 17 7
0 0 12
12 0 12
24 0 12
36 0 12
48 0 12
60 0 11
71 0 12
83 0 12
95 0 4
99 0 12
111 0 12
123 0 11
134 0 14
148 0 12
160 0 12
172 0 11
183 0 12
195 0 12
207 0 12
219 0 12
231 0 12
243 0 12
255 0 14
269 0 13
282 0 12
294 0 12
0 17 10
10 17 10
20 17 10
30 17 10
40 17 10
50 17 8
58 17 10
68 17 10
78 17 4
82 17 7
89 17 10
99 17 4
103 17 12
115 17 10
125 17 11
136 17 10
146 17 10
156 17 7
163 17 10
173 17 6
179 17 11
190 17 10
200 17 12
212 17 10
222 17 10
232 17 10
242 17 4
246 17 8
254 17 4
258 17 4
262 17 3
262 17 6
268 17 3
271 17 6
277 17 4
281 17 4
285 17 3
288 17 4
306 0 12
318 0 6
324 0 9
333 0 12
345 0 10
355 0 10
365 0 11
376 0 11
387 0 11
398 0 11
